23327290
23327289
23326151
23326150
23325111
23325110
23323223
23323222
23320878
23320877
23319427
23319426
23317428
23317427
23312330
23312329
23310150
23310149
23307831
23307830
23305613
23305612
23303151
23303150
23300728
23300727
23298023
23298021
23295284
23295283
23292794
23292793
23290527
23290526
23286346
23286345
23283727
23283726
23281466
23281465
23280072
23280071
23278104
23278103
23276499
23276498
23274668
23274667
23272378
23272377
23269748
23269747
23266620
23266619
23263743
23263742
232616160
23261615
23259110
23259109
23256557
23256556
23254183
23254182
23252464
23252463
23251774
23251773
23250998
23250997
23249667
23249666
23249152
23249151
23248717
23248716
23248146
23248145
23247392
23247391
23247047
23247046
23246605
23246604
23245976
23245975
23245295
23245294
23244568
23244567
23243700
23243699
23243208
23243207
23242498
23242497
23240741
23240740
23238510
23238509
23234714
23234713
23232966
23232965
23231066
23231065
23229378
23229377
23227680
23227679
23219990
23219989
23216299
23216298
23216291
23216290
23216289
23216288
23215784
23215783
23215224
23215221
23214411
23214410
23214408
23214407
23212224
23212223
23210660
23210658
23210657
23210432
23210431
23210430
23210370
23210369
23210233
23210232
23210221
23210220
23210219
23210218
23208534
23208533
23207220
23207219
23207215
23207214
23207203
23207201
23207197
23207196
23207194
23207193
23207189
23207188
23207173
23207172
23207162
