time invalid invalid_ml not_found  valid valid_ls

2019-11-02T00:00:00Z 0.899227417251032 5.53744700184563 78.3621111662013 15.1126720705356 0.0885423441664169 
2019-11-03T00:00:00Z 0.873015205708365 5.06146007982744 78.0129277628036 15.8908379139042 0.161759037756379 
2019-11-04T00:00:00Z 0.764006559158701 4.53202851742829 79.7753219687193 14.7862044740099 0.142438480683793 
2019-11-05T00:00:00Z 0.818296182058966 4.56246713469052 78.3730158781552 16.1509491279913 0.0952716771040021 
2019-11-06T00:00:00Z 0.825249983636567 4.30984014747114 79.1313987843067 15.6509642598517 0.0825468247339169 
2019-11-07T00:00:00Z 0.65386529362228 5.73168526729476 77.0070531658393 16.5226568461586 0.0847394270850658 
2019-11-08T00:00:00Z 0.70282999084294 4.60307083511559 81.8885367408831 12.7183161819965 0.0872462511618317 
2019-11-09T00:00:00Z 0.590069095558972 5.37569102562503 74.0213075413253 19.6994364831988 0.313495854291929 
2019-11-10T00:00:00Z 0.565300410109562 4.69437396672983 81.4874619739392 13.0863521387672 0.166511510454188 
2019-11-11T00:00:00Z 0.577184543307689 5.67781779348273 78.6689119225815 14.9430139412851 0.133071799342972 
2019-11-12T00:00:00Z 0.519038841078028 5.00654460076845 78.5544604531435 15.7717843366852 0.148171768324896 
2019-11-13T00:00:00Z 0.679562687819135 4.62256928421422 79.4206485575736 15.1645666314147 0.112652838978394 
2019-11-14T00:00:00Z 0.71485925485268 4.94556488053136 79.1838617354512 15.0297600664909 0.125954062673895 
2019-11-15T00:00:00Z 0.531839428571297 4.48491163843814 80.9555070331389 13.940992336453 0.0867495633985789 